
theta =

  -5.37005
   0.00000
   0.00000
  -0.00000
   0.00002
   0.00041
  -0.00567
  -0.00380
  -0.00048
  -0.01734
  -0.00941
  -0.00016
   0.00114
   0.00187
   0.00344
   0.00387
   0.00127
   0.00097
   0.00014
  -0.00002
   0.00000
  -0.00000
  -0.00001
  -0.00001
   0.00124
  -0.00486
  -0.00145
  -0.01143
  -0.09402
  -0.18973
  -0.07081
  -0.00357
  -0.01977
  -0.02203
  -0.02117
  -0.02938
  -0.00940
  -0.00701
   0.00326
  -0.00133
  -0.00199
   0.00000
   0.00002
   0.00030
  -0.00333
  -0.05197
  -0.13464
  -0.18503
  -0.99448
  -1.57448
  -0.56513
  -0.15118
  -0.20613
  -0.11560
  -0.09003
  -0.04718
  -0.10786
  -0.06686
  -0.11962
   0.02366
   0.03665
   0.00000
   0.00049
   0.00153
  -0.06072
  -0.26500
  -0.62092
  -0.78593
  -1.07638
  -0.66286
  -0.27596
  -0.05572
   0.66870
   0.06171
  -1.16469
  -1.11363
  -0.59596
  -0.26549
  -0.08300
   0.00262
  -0.01116
   0.00001
   0.00058
   0.00480
  -0.08835
  -0.70416
  -1.13486
  -0.73803
   0.64691
   2.26043
   0.75146
  -0.57733
   0.23104
   0.31253
  -0.95294
  -0.79017
  -0.91718
  -1.03286
  -0.14194
   0.04157
  -0.20714
  -0.00007
   0.00109
   0.01281
  -0.29027
  -1.24004
  -0.63362
  -0.20729
  -0.11661
   0.65017
   0.97094
   0.06229
  -0.85861
  -0.21997
   0.06795
   0.06979
  -0.06864
  -0.37695
  -0.22402
  -0.07561
  -0.10364
  -0.00004
   0.00165
   0.01015
  -0.47270
  -1.37378
  -0.56978
  -0.07981
  -0.46545
   0.35979
   0.80422
  -0.22777
  -0.23026
   0.62065
   0.20274
  -1.30509
  -0.21003
  -0.01536
  -0.64521
   0.72236
   0.15378
  -0.00197
  -0.01601
  -0.00069
  -0.58234
   0.03284
   0.60791
  -0.49830
   0.67575
   1.39757
   0.34978
  -0.19516
   0.64042
   0.24176
  -0.03333
  -1.29966
  -0.12745
  -1.19834
  -0.58449
   0.30189
  -0.46464
  -0.00554
  -0.06718
  -0.13221
   0.42946
   1.14890
  -0.16246
  -0.36345
   0.00090
   0.50874
   0.32237
  -0.55733
   0.12841
  -0.16363
   0.04280
  -1.17861
  -0.37825
  -0.71005
  -0.60403
   0.35391
  -0.79240
  -0.00116
  -0.10933
  -0.38467
  -0.34527
   0.91469
   0.60795
   0.48997
  -0.79252
  -0.50807
   0.38297
   0.64744
   0.04238
   0.08584
  -0.32130
  -0.92113
  -0.01884
  -0.56738
  -1.01351
   0.55626
  -0.84883
   0.00282
  -0.14766
  -0.36599
  -1.18423
   0.74356
   2.09032
   1.06278
   0.88215
  -0.12575
   0.53068
   0.26368
  -1.39815
   0.35963
  -0.10972
  -1.18702
  -0.14079
  -0.67882
  -1.52247
   1.29355
   0.09248
   0.00617
  -0.15873
  -0.55732
  -1.69966
   0.61134
   1.91687
  -0.50553
  -0.55438
   0.41672
   0.34176
   1.27008
   1.20697
  -0.45142
  -0.07739
  -0.76129
  -0.51591
  -1.11656
  -0.14527
   0.09594
  -0.21196
   0.01854
  -0.18304
  -0.90078
  -2.34601
   1.10324
   0.88563
  -0.20567
  -0.26484
   1.23439
  -0.17484
   0.86653
  -0.11518
  -0.07241
   0.76350
  -1.23843
  -0.83436
  -0.86536
   0.10556
   1.55231
  -0.16083
   0.01479
  -0.14979
  -0.71883
  -1.98391
   0.66993
  -0.38718
  -0.54126
   0.75385
   0.03551
   0.63758
  -0.48936
  -1.04147
   0.37211
  -0.55308
  -0.05887
  -0.30355
  -1.55696
  -0.26776
   1.62267
   0.38564
   0.00156
  -0.05251
  -0.41357
  -1.50639
  -0.12092
   0.99865
  -0.51571
  -0.36550
   1.49710
   0.67537
   0.46108
  -0.86230
  -0.14452
   0.76918
   0.32862
  -0.73486
  -0.82040
   0.50863
   1.32946
   0.24786
  -0.00220
  -0.00343
  -0.06528
  -1.14608
  -1.79390
   0.68533
  -0.58535
   0.05677
   1.01719
   0.73559
   0.72502
  -0.67492
  -1.25532
  -0.48749
  -0.50363
  -0.82375
  -0.25350
   1.27406
   1.44199
   0.06870
  -0.00039
   0.00266
   0.00488
  -0.55688
  -1.69173
  -1.31132
  -1.70214
  -0.61820
   0.21898
  -0.55108
  -0.74695
  -1.18369
  -1.35381
  -0.47244
   0.27102
   0.46128
   0.35642
   1.11021
   0.71694
   0.08395
   0.00006
   0.00167
   0.00439
  -0.19239
  -0.70278
  -1.49241
  -1.54985
  -0.78130
  -0.11340
  -0.76994
  -1.08809
  -1.22897
  -1.04418
  -0.23428
   0.62704
   0.49353
   0.06817
   0.08036
   0.10791
  -0.00073
  -0.00000
  -0.00003
   0.00092
   0.00934
  -0.17258
  -0.88864
  -0.71561
  -0.24950
  -0.22574
  -0.10773
   0.04203
  -0.15147
  -0.21630
  -0.04694
  -0.00811
  -0.06192
  -0.04182
  -0.01104
  -0.00875
  -0.00127
   0.00000
  -0.00000
   0.00002
   0.00262
  -0.03889
  -0.11873
  -0.03908
   0.01732
   0.00423
   0.00351
   0.00731
  -0.04975
  -0.09548
  -0.02343
   0.00122
   0.00307
   0.00101
  -0.00073
   0.00005
   0.00000

Iteration     1 | Cost: 3.478011e-001